NO	latitude	longitude	altitude	d50	d100	d200	d400	d800	d1600	d2400	d3200	ph	tf_shootmass	fmoi_shootmass	dmoi_shootmass	shoot_moisture	tf_rootmass	rd1	rd2	no_insect	no_totseed	no_viaseed	tm_viaseed	m_viaseed	root can+lid(empty) (g)	root can+lid+fresh roots (g)	root can+lid+dry roots (g)	root_moisture
SJ1	51.014297	3.727914	49	0	0	1.854102274	8.584103214	14.60401501	13.40721796	14.37299355	14.85964065	94	74.5	7.5407	2.4046	213.5947767	9.9496	16.11	16.19	72	59	52	0.0146	0.000280769	3.8124	5.8104	4.4837	197.6314613
SJ2	51.023009	3.711378	58	0	15.78550706	37.34061571	15.00746732	17.67455036	16.53602092	15.72828771	15.44099862	94	89	9.4	3.2763	186.9090132	19.7607	29.58	23.24	550	65	54	0.0195	0.000361111	3.8207	7.8103	4.9236	261.7372382
SJ3	51.03613	3.719338	68	0	1.741159814	9.377774093	31.77212893	34.02348201	28.28377888	25.03661091	23.08289671	76	205.5	20.622	4.8075	328.9547582	42.3542	34.6	30.01	38	68	53	0.015	0.000283019	3.8505	12.4769	5.6593	376.9128704
SJ4	51.027631	3.714878	56	14.80184924	12.07387044	13.32009802	23.61659952	24.90376047	20.80498397	18.75489794	18.27200658	78	95	10.1725	3.6393	179.5180392	16.839	18.16	16.92	105	69	47	0.0114	0.000242553	3.8575	7.3258	4.851	249.0991444
SJ5	51.024747	3.705769	44	10.70346788	11.90515716	13.80595604	18.52628111	16.26776041	15.53953418	15.05111584	15.11753631	98	172	18	5.8826	205.9871485	31.382	31.5	20.98	54	68	51	0.0193	0.000378431	3.8623	10.3153	5.3308	339.4279877
SJ6	51.08256	3.719458	53	6.311117207	6.9863123	0.996599332	11.5857219	18.26625472	20.93671062	19.05047317	19.82213134	60	23.7131	2.5876	0.9072	185.2292769	6.5335	12.78	11.58	74	57	48	0.0135	0.00028125	3.8393	5.1618	4.2195	247.8432404
SJ7	51.074904	3.717074	55	0.086534652	2.805119088	24.4005869	15.95958776	26.04070871	25.90226996	24.46914578	22.41492155	55	69.0286	7.0175	1.9436	261.0568018	12.8378	16.97	16.61	38	63	45	0.01432125	0.00031825	3.8638	6.4246	4.4838	313.0322581
SJ8	51.07001	3.716545	50	5.535302891	20.34560227	0.606350269	32.69101139	31.48957914	29.94695507	27.76726323	23.63485794	45	58.9917	6.3252	1.8215	247.2522646	11.1019	18.3	17.3	93	63	33	0.0077	0.000233333	3.8202	6.1834	4.5011	247.0700543
SJ9	51.081353	3.710824	60	21.75382206	21.62476395	32.11400947	22.55635039	19.38746255	20.38678179	20.65468439	18.96570028	34	30.4732	3.2263	0.9588	236.4935336	7.9365	17.1	14.68	19	51	35	0.0103	0.000294286	3.8683	5.5083	4.3732	224.8167954
SJ10	51.054483	3.732515	50	22.63960959	31.83017584	30.07258038	42.29429186	42.70697973	38.67089858	32.98481126	27.13703865	55	60.76	6.4444	1.4576	342.1240395	16.4661	14.1	13.63	110	60	57	0.024054	0.000422	3.858	7.2569	4.6792	313.894301
SJ11	51.03377	3.700206	43	0	5.382861462	35.75299374	9.411365812	13.05900114	15.57528944	16.87390963	17.14794217	120	114	11.5669	3.9297	194.3456243	29.1913	22.17	21.32	44	64	58	0.021324339	0.000367661	3.8566	9.7761	5.1898	344.0069007
SJ12	51.037525	3.761013	40	0	1.939604459	16.14225245	19.32697011	21.78370475	21.55801336	19.26401555	18.99111274	92	92	10.1742	3.195	218.4413146	13.3574	18.43	16.18	54	74	57	0.0186	0.000326316	3.8206	6.5706	4.7116	208.6419753
SJ13	51.045707	3.762011	52	14.65892225	13.82365792	19.59026612	21.10999226	22.50786811	21.18548452	19.96634224	19.62036735	50	23.8672	2.5771	0.8157	215.9372318	7.0994	14.78	10.52	21	82	73	0.016894286	0.000231429	3.826	5.3934	4.2294	288.5473475
SJ14	51.047369	3.7867	52	0.730540525	2.726970885	0	0.676365625	1.227578356	6.191164333	9.17490632	12.27571653	100	182.5	20.7373	6.1877	235.1374501	34.038	28.39	21.72	76	61	42	0.0161	0.000383333	3.8453	10.6918	5.6742	274.3507026
SJ15	51.0376	3.706572	63	14.59424351	23.91615522	0.390201478	24.39789881	24.06717658	21.75158911	21.53503247	20.25398579	65	124.5	12.652	3.4877	262.7605585	22.1501	18.86	18.86	242	85	61.66666667	0.017647547	0.000286176	3.817	8.3622	4.9157	313.6889051
SJ16	51.036087	3.686102	52	0.000838379	1.594110952	0	3.655704824	4.209469869	7.731622425	11.20658666	13.95651514	83	102.5	10.5543	3.0577	245.1712071	17.6587	16.73	15.87	83	73	26	0.013	0.0005	3.8382	7.8788	4.971	256.6913842
SJ17	51.046709	3.718686	55	10.28878752	28.29237306	3.188509227	37.98565162	42.01146555	35.71857066	31.15634618	25.36897126	55	28.86	3.01	0.9395	220.3831825	6.5764	12.36	12.16	5	73	61.5	0.019798269	0.000321923	3.8442	5.2005	4.2522	232.4264706
SJ18	51.04782	3.713687	53	18.57973606	29.95938726	2.025020083	38.27062703	37.44171404	33.92288321	29.4976352	24.73100013	51	12.395	1.4291	0.4243	236.8135753	5.2919	9.62	9.49	6	65	60	0.0174	0.00029	3.8525	5.0522	4.1329	327.853067
SJ19	51.053958	3.709217	55	12.15859433	31.94719911	7.330876318	38.06775299	38.96005448	34.39987162	28.05443305	24.02970356	62	20.4813	2.2823	0.8136	180.5186824	7.4302	11.73	10.64	1	71	62	0.0232	0.000374194	3.8472	5.4571	4.2946	259.8345999
SJ20	51.055065	3.704287	54	0	5.160537818	13.67782065	34.01016056	36.07646155	29.85566473	26.20117845	22.75204866	75	20.2299	2.3278	0.7197	223.4403224	4.0884	10.69	9.83	18	67	48	0.0174	0.0003625	3.8304	4.7363	4.0937	244.0562096
SJ21	51.05431	3.672953	57	0	0	21.02680677	2.377870963	3.886429737	6.145956213	10.35119293	11.60470863	45	74	7.9065	1.7877	342.2721933	21.2861	18.71	18.33	32	56	48	0.01884	0.0003925	3.8619	8.348	5.0827	267.4721494
SJ22	51.058089	3.666697	50	0	0	4.547826779	4.024891343	5.701775927	5.939727948	9.175561059	9.559654678	40	32.4154	3.4844	1.0852	221.0836712	9.0038	14.18	13.98	6	65	56	0.016576	0.000296	3.8248	5.6748	4.2544	330.6331471
SJ23	51.064174	3.66789	49	0	0	18.24364246	1.268155448	3.692840753	7.97057626	9.833722397	10.66471757	68	60	6.5248	2.4549	165.7867938	13.81	29.89	22.33	44	64	64	0.0249	0.000389063	3.8253	6.7648	4.6731	246.7209247
SJ24	51.041194	3.693077	50	0.92501134	2.043254138	16.56005689	3.607162085	6.699205159	11.69608005	16.55330234	17.83781514	51	9.3776	1.0706	0.4175	156.4311377	3.9655	9.85	9.6	5	68	61	0.0181	0.000296721	3.8443	4.7483	4.0498	339.9026764
SJ25	51.04336	3.688439	55	0	2.539935186	6.863090009	0.839397665	4.44516339	8.56434286	14.82137138	16.90090651	63	109	11.8728	4.0746	191.3856575	31.1773	22.81	21	190	75	69	0.0189	0.000273913	3.8339	10.4201	5.189	386.0305513
SJ26	51.046006	3.682751	53	0	3.507546522	6.830740617	4.559724392	2.572647424	6.719384525	12.2505028	15.33167418	75	43.59	4.9842	1.5055	231.066091	8.6178	13.72	13.13	24	60	54	0.0189	0.00035	3.8641	5.6465	4.292	316.5459219
SJ27	51.019007	3.710666	50	0.603540755	8.622231883	20.85189329	12.22743175	11.46867037	15.13287922	14.21934637	13.59080816	65	75	8.0128	2.7644	189.8567501	20.6842	13.76	13.18	352	62	54	0.022	0.000407407	3.8543	8.1446	4.9796	281.2583311
SJ28	51.022174	3.726313	58	7.490394931	16.86564857	9.207812468	20.81912225	20.45217179	17.31835262	18.70398124	18.11697353	75	61	6.2842	1.7758	253.8799414	12.5774	13.87	13.29	39	71	61	0.0188	0.000308197	3.8476	6.59	4.4712	339.7690827
SJ29	51.021964	3.731728	54	0	1.476038756	8.161406995	10.50005643	17.56016406	17.45915557	19.53021993	18.52619781	53	28.8584	2.944	0.6885	327.5962237	14.6074	9.93	9.86	11	61	19	0.0056	0.000294737	3.8766	6.9729	4.5213	380.269893
SJ30	51.056588	3.690382	46	8.900198998	11.63114445	12.57678293	17.04589877	19.11923266	17.18096181	18.78622635	18.70016125	116	28.2544	3.3245	1.4688	126.3412309	10.8062	12.13	12.03	4	62	49	0.017946653	0.000366258	3.8482	6.1121	4.4241	293.1064421
SJ31	51.053746	3.691684	56	0	0	8.233662274	12.4582537	16.60386698	16.42149907	18.84646162	19.39636108	110	72	7.8879	2.5334	211.3562801	15.3556	16.09	14.44	30	61.33333333	56.33333333	0.023458527	0.000416424	3.8391	7.1196	4.7242	270.6360863
SJ32	51.049904	3.693886	50	0	2.676972995	10.13489782	7.571055353	12.64117978	17.09986512	19.21738624	20.13397286	45	49.0937	5.0531	1.6628	203.8910272	14.0735	14.58	14.54	29	61.66666667	54.66666667	0.011359214	0.000207791	3.8631	6.7524	4.7245	235.4190852
SJ33	51.035006	3.736133	57	13.54869353	19.9206372	14.39028334	21.53136113	32.18049849	28.14031335	27.70112978	23.86444054	70	89	9.1303	2.872	217.9073816	25.94	19	17.9	60	55.66666667	43.33333333	0.012191111	0.000281333	3.8397	9.5825	5.0525	373.5158311
SJ34	51.031563	3.739229	57	0	9.288245872	17.38344943	17.08904026	22.28937102	25.70047859	25.1646902	22.51835716	90	34.65	3.53	1.2791	175.9752951	15.109	11.71	10.29	9	66.66666667	24.66666667	0.004394767	0.000178166	3.8572	7.1222	4.9558	197.1964318
SJ35	51.027863	3.745584	54	5.945844699	16.08764441	0.383334474	11.87430037	16.19136517	23.05192507	21.36526887	20.05338781	55	77	9.0795	2.4412	271.9277405	15.9236	22.9	19.85	10	65.33333333	62.33333333	0.019423924	0.000311614	3.8575	7.2634	4.8393	246.9036464
SJ36	51.046736	3.694442	53	0	8.683458545	30.38306499	5.436353765	8.309497808	15.53456881	19.13271648	19.73922067	70	79	8.2488	2.9057	183.8834016	19.0842	18.47	17.91	31	75.33333333	74.33333333	0.019733234	0.00026547	3.8627	7.712	4.7736	322.5820617
SJ37	51.034521	3.753468	46	0	2.230494687	15.25068401	18.73292949	30.62944801	23.05911127	22.47756323	20.39188688	60	98	9.9461	2.6305	278.1068238	32.3588	28.69	15.2	28	79.33333333	63.33333333	0.014428396	0.000227817	3.8487	12.9622	5.7901	369.4292778
SJ38	51.014329	3.722049	48	0	0.017530443	1.38303906	14.17517316	14.82215978	13.98675995	13.31561596	13.92015427	80	36.67	3.9853	1.1826	236.9947573	11.23	11.49	11.33	11	78	61	0.020284056	0.000332526	3.8414	6.246	4.4891	271.2521229
SJ39	51.019816	3.750077	52	5.526371273	8.294438113	0	14.45046762	16.12832189	16.28625661	17.47028834	15.94398161	90	340	34.078	8.8314	285.8731345	72.3912	37.05	36.05	152	70.33333333	1.333333333	0.0001	0.000075	3.859	19.564	7.8494	293.569567
SJ40	51.02244	3.745542	44	0	0	2.52175409	7.271147828	13.04433086	17.9002051	19.339428	17.79838829	88	141	14.6557	4.6628	214.3111435	19.4688	28.91	14.16	134	53.66666667	14	0.004814634	0.000343902	3.8462	8.3531	5.004	289.2641216
SJ41	51.027034	3.760647	52	12.69327928	19.90481037	30.16935139	32.09538925	26.06930227	19.00742676	16.20080493	16.11805323	66	68	7.8556	2.6333	198.3177002	59.817	45.43	33.38	43					3.8391	17.3152	7.17	304.5783422
SJ42	51.046524	3.750802	55	0.007628306	4.771937284	48.5043698	26.91241302	33.10112059	29.47036338	26.17469391	23.0846465	73	124.5	12.9157	4.4086	192.966021	29.415	36.73	20.21	28	62	51.33333333	0.019862121	0.000386924	3.832	10.7175	5.786	252.3797339
SJ43	51.049685	3.77529	46	0	0.173983695	32.41326625	5.199133495	9.608166435	10.25706447	13.96719346	15.35848833	52	77	8.2541	1.9138	331.2937611	17.382	20.72	16.32	14	65.66666667	27	0.005749481	0.000212944	3.8657	8.0834	4.7446	379.8839458
SJ44	51.038876	3.79001	50	0	0	24.48288734	0.812182661	3.83597961	5.854314445	9.174767706	10.46905391	50	60	6.6585	1.7221	286.6500203	8.4862	14.21	13.56	14	51	14.33333333	0.002189815	0.000152778	3.8465	5.9545	4.3186	346.5155687
SJ45	51.037376	3.781969	53	0	0.90329236	13.29251532	3.432166535	2.966736049	7.859410177	11.89075263	12.60405601	75	36.5	4.0019	1.372	191.6836735	12.2091	16.68	14.79	8	70	50	0.011661927	0.000233239	3.8474	7.2505	4.8349	244.6177215
SJ46	51.06445	3.703039	52	7.73636279	22.44962059	11.38230678	38.29419481	37.25982568	29.92084945	24.82470113	21.67700575	50	80	9.5682	2.7342	249.9451393	25.081	27.73	19.83	28	78.33333333	40	0.013083697	0.000327092	3.8425	10.6038	5.2235	389.5944967
SJ47	51.065503	3.710175	52	24.41675751	36.70480887	19.13485351	37.86193525	35.43196337	34.51088769	27.26476579	23.2622649	53	49.5	5.7788	3.3299	73.54274903	24.701	19.18	18.97	32	63	50.66666667	0.017147984	0.000338447	3.8481	10.6092	5.4656	317.9969088
SJ48	51.06679	3.718502	54	24.39878745	31.99281779	0.665524356	28.17031857	35.09944161	33.14331535	29.45178909	24.56374459	60	67.5	7.522	2.2096	240.4236061	20.77	18.12	17.7	32	83.5	14.5	0.002444286	0.000168571	3.8898	9.0065	5.1519	305.4116156
SJ49	51.077901	3.709837	60	4.736861733	15.67857474	3.077458771	26.19779123	23.61440304	22.18233572	23.34005871	20.07836782	55	96.5	9.6625	2.0206	378.1995447	26.155	23.22	16.79	24	63	38	0.010393875	0.000273523	3.897	10.0432	5.2785	344.893232
SJ50	51.072945	3.698142	53	13.579934	7.892663912	1.124126515	15.19908934	21.86904889	23.97970394	21.64005333	19.05198025	68	37.5	4.262	1.4149	201.2227013	10.5733	14.1	14.1	18	69.66666667	50.66666667	0.016114541	0.00031805	3.891	7.4014	4.892	250.6893107
SJ51	51.06981	3.694076	52	0.446180524	8.686011107	0.934144746	20.60898958	24.49373517	23.6382379	19.81482707	18.63370282	60	22.0988	2.2091	0.6748	227.3710729	10.1718	16.34	9.41	6	65.33333333	46	0.016581374	0.000360465	3.9101	6.363	4.534	293.1559545
SJ52	51.012683	3.737738	50	0	0.153508028	25.7301417	5.082166887	9.892765846	12.88785101	14.42640554	15.01838492	37	17.6594	1.8328	0.4764	284.7187238	11.824	17.8	12.63	6	63	8.666666667	0.0021	0.000242308	3.8765	6.8	4.6285	288.7632979
SJ53	51.028011	3.78279	61	0.002481706	4.569922073	5.603209	4.102290041	6.276487969	9.800158217	11.23409313	11.34577127	75	332.5	35.0965	8.0195	337.6395037	66	23.91	23.11	85	63.33333333	17.33333333	0.004120915	0.000237745	3.8811	17.2144	6.5208	405.1066409
SJ54	51.037362	3.772368	46	0	0	27.47351951	7.153890794	10.31704237	13.05153168	15.39691517	15.43486744	50	103	11.3465	3.2793	246.0037203	24.5768	24.51	16.9	29	80.66666667	50.66666667	0.01510596	0.000298144	3.8824	9.4747	5.1911	327.317185
SJ55	51.05328	3.676777	48	0	0.395159211	13.40943174	1.278423535	2.889023975	7.385987687	11.48698252	13.09286193	85	271.5	30.03	6.1135	391.2079823	54.95	34.79	29.42	13	72	33.66666667	0.009421877	0.000279858	3.8874	18.88	7.8186	281.3746439
SJ56	51.038738	3.738551	55	17.85276684	21.92048185	6.67323544	33.32873686	34.93543922	30.89294189	29.47869443	24.25810459	48	106	12.9201	2.2475	474.865406	42.62	27.59	27.23	32	69.5	6.5	0.000781548	0.000120238	3.9004	15.612	6.0174	453.2168162
SJ57	51.038561	3.766313	47	0	3.105337762	18.74157494	8.826979574	17.30000597	17.98496053	17.24926559	17.68252808	40	28	3.2303	0.9061	256.5059044	14.66	13.1	9.67	14	57.75	23	0.009766667	0.000424638	3.8812	7.528	4.7793	306.0572319
SJ58	51.025864	3.72278	53	10.19647278	23.40874864	6.171369709	27.69206211	23.53858401	19.75327827	20.15678568	19.04030609	40	97	13.8569	4.4294	212.8392107	23.8505	26.4	19.5	266	73.66666667	37.33333333	0.015368303	0.000411651	3.8879	9.5887	5.2567	316.4815897
SJ59	51.06448	3.687956	45	4.188140246	4.231098547	28.95052422	19.01377272	21.79454905	18.5650609	17.78702571	17.33306634	58	38	4.2648	1.5609	173.2269844	16.08	13.92	13.6	6	63	5	0.0012	0.00024	3.894	7.64	4.9598	251.4730719
SJ60	51.035886	3.719943	60	6.045081296	1.629203062	22.02253886	31.91600234	33.87494375	28.40555031	25.14025696	23.15936108	56	17.971	2.2135	0.69	220.7971014	12.8064	20.14	12.41	5	49.66666667	15	0.004394505	0.000292967	3.8968	7.1929	4.8067	262.2485987
